[gd_scene load_steps=11 format=3 uid="uid://b4ds1oyfprh51"]

[ext_resource type="Script" uid="uid://drj2jhbd68yjs" path="res://scripts/SceneManager.cs" id="1_0wfyh"]
[ext_resource type="PackedScene" uid="uid://wp6ni4hdjsct" path="res://scenes/HexColumn.tscn" id="2_sugp2"]
[ext_resource type="Script" uid="uid://bm81lhfydyl81" path="res://scripts/CameraMover.cs" id="3_sugp2"]

[sub_resource type="ProceduralSkyMaterial" id="ProceduralSkyMaterial_o5qli"]
sky_horizon_color = Color(0.662243, 0.671743, 0.686743, 1)
ground_horizon_color = Color(0.662243, 0.671743, 0.686743, 1)

[sub_resource type="Sky" id="Sky_0wfyh"]
sky_material = SubResource("ProceduralSkyMaterial_o5qli")

[sub_resource type="Environment" id="Environment_sugp2"]
sky = SubResource("Sky_0wfyh")
ambient_light_source = 1
reflected_light_source = 1
tonemap_mode = 2
glow_enabled = true
glow_intensity = 3.29
glow_bloom = 0.13

[sub_resource type="StandardMaterial3D" id="StandardMaterial3D_0wfyh"]
albedo_color = Color(0, 0, 0, 1)
roughness = 0.0

[sub_resource type="BoxMesh" id="BoxMesh_sugp2"]
material = SubResource("StandardMaterial3D_0wfyh")

[sub_resource type="StandardMaterial3D" id="StandardMaterial3D_sugp2"]
emission_enabled = true
emission = Color(1, 1, 1, 1)

[sub_resource type="SphereMesh" id="SphereMesh_jyhfs"]
material = SubResource("StandardMaterial3D_sugp2")

[node name="MainScene" type="Node3D"]
script = ExtResource("1_0wfyh")
HexColumn = ExtResource("2_sugp2")
TestMapPath = "res://assets/world_map_50x50.txt"

[node name="WorldEnvironment" type="WorldEnvironment" parent="."]
environment = SubResource("Environment_sugp2")

[node name="Camera3D" type="Camera3D" parent="."]
transform = Transform3D(1, 0, 0, 0, 0.866025, 0.5, 0, -0.5, 0.866025, 25, 65.965, 130)
projection = 1
current = true
size = 40.0
script = ExtResource("3_sugp2")

[node name="Floor" type="MeshInstance3D" parent="."]
transform = Transform3D(-200, 0, 1.60373e-05, 0, 0.148, 0, -1.74846e-05, 0, -183.445, -0.0453475, -0.454341, -0.0501539)
mesh = SubResource("BoxMesh_sugp2")

[node name="DirectionalLight3D" type="DirectionalLight3D" parent="."]
transform = Transform3D(0.887373, 0, 0.461052, -0.0829358, 0.983688, 0.159624, -0.453531, -0.179884, 0.872898, 4.85007, 0.919092, 3.97967)
light_energy = 1.2

[node name="RimLight" type="DirectionalLight3D" parent="."]
transform = Transform3D(-0.81307, 0, -0.582166, -0.183702, 0.948909, 0.256564, 0.552422, 0.31555, -0.77153, -2.42074, 1.57635, -6.23048)
light_energy = 0.8
light_indirect_energy = 0.8
sky_mode = 1

[node name="CamTest" type="MeshInstance3D" parent="."]
transform = Transform3D(20, 0, 0, 0, 20, 0, 0, 0, 20, 0, 14.3778, 0.67482)
visible = false
mesh = SubResource("SphereMesh_jyhfs")
