[gd_scene load_steps=11 format=3 uid="uid://b4ds1oyfprh51"]

[ext_resource type="Script" uid="uid://drj2jhbd68yjs" path="res://scripts/SceneManager.cs" id="1_0wfyh"]
[ext_resource type="PackedScene" uid="uid://wp6ni4hdjsct" path="res://scenes/HexColumn.tscn" id="2_sugp2"]
[ext_resource type="Script" uid="uid://bm81lhfydyl81" path="res://scripts/CameraMover.cs" id="3_sugp2"]

[sub_resource type="ProceduralSkyMaterial" id="ProceduralSkyMaterial_o5qli"]
sky_horizon_color = Color(0.662243, 0.671743, 0.686743, 1)
ground_horizon_color = Color(0.662243, 0.671743, 0.686743, 1)

[sub_resource type="Sky" id="Sky_0wfyh"]
sky_material = SubResource("ProceduralSkyMaterial_o5qli")

[sub_resource type="Environment" id="Environment_sugp2"]
sky = SubResource("Sky_0wfyh")
ambient_light_source = 1
ambient_light_color = Color(1, 1, 1, 1)
ambient_light_energy = 0.1
reflected_light_source = 1
tonemap_mode = 2
glow_enabled = true
glow_intensity = 3.29
glow_bloom = 0.13

[sub_resource type="StandardMaterial3D" id="StandardMaterial3D_0wfyh"]
albedo_color = Color(0, 0, 0, 1)
metallic_specular = 0.0
roughness = 0.0

[sub_resource type="BoxMesh" id="BoxMesh_sugp2"]
material = SubResource("StandardMaterial3D_0wfyh")

[sub_resource type="StandardMaterial3D" id="StandardMaterial3D_sugp2"]
albedo_color = Color(1, 0, 0, 1)
emission = Color(1, 1, 1, 1)

[sub_resource type="SphereMesh" id="SphereMesh_jyhfs"]
material = SubResource("StandardMaterial3D_sugp2")

[node name="MainScene" type="Node3D"]
script = ExtResource("1_0wfyh")
HexColumn = ExtResource("2_sugp2")
TestMapPath = "res://assets/world_map_100x100.txt"

[node name="WorldEnvironment" type="WorldEnvironment" parent="."]
environment = SubResource("Environment_sugp2")

[node name="Camera3D" type="Camera3D" parent="."]
transform = Transform3D(0.999455, -0.027553, 0.018184, 0.00606196, 0.694632, 0.71934, -0.0324511, -0.718837, 0.69442, 50, 200, 230)
projection = 1
current = true
size = 70.0
script = ExtResource("3_sugp2")

[node name="Floor" type="MeshInstance3D" parent="."]
transform = Transform3D(-200, 0, 1.60373e-05, 0, 0.148, 0, -1.74846e-05, 0, -183.445, -0.0453475, -0.454341, -0.0501539)
mesh = SubResource("BoxMesh_sugp2")

[node name="CamTest" type="MeshInstance3D" parent="."]
transform = Transform3D(20, 0, 0, 0, 20, 0, 0, 0, 20, 44.1495, 1.31213, 35.2503)
mesh = SubResource("SphereMesh_jyhfs")

[node name="DirectionalLight3D" type="DirectionalLight3D" parent="."]
transform = Transform3D(1, 0, 0, 0, 0.989523, 0.144373, 0, -0.144373, 0.989523, 0, 22.058, 0)
light_energy = 0.5

[node name="DirectionalLight3D2" type="DirectionalLight3D" parent="."]
transform = Transform3D(0.173507, 0.977615, 0.119016, 0.80618, -0.210403, 0.552996, 0.565658, 0, -0.82464, 0, 53.1436, 0)
light_color = Color(0.468124, 0.990921, 0.999999, 1)
light_energy = 0.8
